"Wavelength (nm)"	Reflectance
400	0.9180143
401	0.9180307
402	0.918048
403	0.918066
404	0.9180849
405	0.9181046
406	0.918125
407	0.9181482
408	0.9181741
409	0.9182007
410	0.9182281
411	0.9182561
412	0.9182849
413	0.9183144
414	0.9183561
415	0.918403
416	0.9184504
417	0.9184985
418	0.918547
419	0.9185961
420	0.9186457
421	0.9186913
422	0.9187356
423	0.9187804
424	0.9188258
425	0.9188718
426	0.9189182
427	0.9189652
428	0.9189983
429	0.9190151
430	0.9190326
431	0.9190509
432	0.9190698
433	0.9190894
434	0.9191097
435	0.9191307
436	0.9191294
437	0.9191281
438	0.9191275
439	0.9191277
440	0.9191287
441	0.9191304
442	0.919133
443	0.9191383
444	0.9191526
445	0.9191677
446	0.9191835
447	0.9192001
448	0.9192173
449	0.9192353
450	0.9192539
451	0.9192703
452	0.9192697
453	0.9192699
454	0.9192709
455	0.9192727
456	0.9192752
457	0.9192785
458	0.9192826
459	0.9192873
460	0.9193084
461	0.9193339
462	0.9193601
463	0.9193868
464	0.9194142
465	0.9194421
466	0.9194706
467	0.9194997
468	0.9195263
469	0.9195335
470	0.9195413
471	0.9195498
472	0.919559
473	0.9195689
474	0.9195794
475	0.9195905
476	0.9196024
477	0.919613
478	0.9196124
479	0.9196124
480	0.9196133
481	0.9196148
482	0.9196171
483	0.9196201
484	0.9196238
485	0.9196281
486	0.9196332
487	0.9196192
488	0.9196005
489	0.9195825
490	0.9195654
491	0.9195491
492	0.9195336
493	0.9195189
494	0.9195049
495	0.9194917
496	0.9194786
497	0.919456
498	0.9194342
499	0.9194133
500	0.9193931
501	0.9193738
502	0.9193553
503	0.9193376
504	0.9193206
505	0.9193044
506	0.919289
507	0.9192719
508	0.9192555
509	0.9192399
510	0.9192251
511	0.9192111
512	0.9191979
513	0.9191854
514	0.9191737
515	0.9191628
516	0.9191526
517	0.9191379
518	0.9191162
519	0.9190953
520	0.9190753
521	0.9190562
522	0.9190379
523	0.9190204
524	0.9190038
525	0.918988
526	0.9189729
527	0.9189587
528	0.9189253
529	0.918863
530	0.9188016
531	0.9187413
532	0.9186819
533	0.9186235
534	0.9185661
535	0.9185096
536	0.9184541
537	0.9183995
538	0.9183458
539	0.918293
540	0.9182414
541	0.9181908
542	0.9181412
543	0.9180927
544	0.9180452
545	0.9179987
546	0.9179532
547	0.9179087
548	0.9178651
549	0.9178225
550	0.9177809
551	0.9177402
552	0.9176667
553	0.9175926
554	0.9175196
555	0.9174477
556	0.917377
557	0.9173073
558	0.9172387
559	0.9171712
560	0.9171048
561	0.9170394
562	0.9169751
563	0.9169118
564	0.9168435
565	0.9167683
566	0.9166941
567	0.916621
568	0.9165489
569	0.9164778
570	0.9164077
571	0.9163386
572	0.9162705
573	0.9162033
574	0.9161372
575	0.916072
576	0.9160077
577	0.9159289
578	0.9158181
579	0.9157086
580	0.9156003
581	0.9154932
582	0.9153872
583	0.9152825
584	0.9151789
585	0.9150764
586	0.9149751
587	0.914875
588	0.914776
589	0.9146781
590	0.9145813
591	0.9144974
592	0.9144228
593	0.9143492
594	0.9142765
595	0.9142047
596	0.9141339
597	0.914064
598	0.9139951
599	0.913927
600	0.9138598
601	0.9137936
602	0.9137282
603	0.9136637
604	0.9136
605	0.9135326
606	0.9134462
607	0.9133608
608	0.9132764
609	0.9131931
610	0.9131108
611	0.9130295
612	0.9129491
613	0.9128698
614	0.9127915
615	0.9127141
616	0.9126377
617	0.9125622
618	0.9124877
619	0.9124142
620	0.9123391
621	0.9122331
622	0.9121282
623	0.9120243
624	0.9119216
625	0.9118198
626	0.9117192
627	0.9116196
628	0.911521
629	0.9114235
630	0.911327
631	0.9112315
632	0.911137
633	0.9110436
634	0.9109511
635	0.9108596
636	0.9107637
637	0.9106448
638	0.9105269
639	0.9104101
640	0.9102944
641	0.9101797
642	0.9100661
643	0.9099536
644	0.9098421
645	0.9097317
646	0.9096223
647	0.9095139
648	0.9094065
649	0.9093002
650	0.9091948
651	0.9090904
652	0.9089871
653	0.9088848
654	0.9087836
655	0.9086835
656	0.9085844
657	0.9084864
658	0.9083894
659	0.9082934
660	0.9081984
661	0.9081044
662	0.9080113
663	0.9079193
664	0.9078282
665	0.9077381
666	0.907649
667	0.9075608
668	0.9074735
669	0.9073872
670	0.9073018
671	0.907164
672	0.907015
673	0.9068674
674	0.9067211
675	0.9065762
676	0.9064327
677	0.9062904
678	0.9061495
679	0.9060099
680	0.9058715
681	0.9057345
682	0.9055987
683	0.9054643
684	0.905331
685	0.905199
686	0.9050683
687	0.9049388
688	0.9048105
689	0.9046667
690	0.9044531
691	0.904241
692	0.9040304
693	0.9038214
694	0.9036139
695	0.903408
696	0.9032036
697	0.9030006
698	0.9027992
699	0.9025993
700	0.9024008
701	0.9022038
702	0.9020082
703	0.9018141
704	0.9016215
705	0.9014302
706	0.9012404
707	0.901052
708	0.900865
709	0.9006196
710	0.9003185
711	0.9000195
712	0.8997227
713	0.899428
714	0.8991354
715	0.8988448
716	0.8985564
717	0.89827
718	0.8979857
719	0.8977033
720	0.8974231
721	0.8971448
722	0.8968685
723	0.8965942
724	0.8963219
725	0.8960516
726	0.8957832
727	0.8955167
728	0.8952522
729	0.8949896
730	0.8946016
731	0.8941556
732	0.8937112
733	0.8932684
734	0.8928274
735	0.892388
736	0.8919503
737	0.8915142
738	0.8910799
739	0.8906471
740	0.8902161
741	0.8897867
742	0.8893589
743	0.8889328
744	0.8885084
745	0.8880855
746	0.8876644
747	0.8872449
748	0.886827
749	0.8864107
750	0.8859961
751	0.8855831
752	0.8851925
753	0.8848185
754	0.8844452
755	0.8840726
756	0.8837007
757	0.8833295
758	0.882959
759	0.8825891
760	0.88222
761	0.8818516
762	0.8814839
763	0.8811168
764	0.8807505
765	0.8803849
766	0.88002
767	0.8796558
768	0.8792923
769	0.8789295
770	0.8785675
771	0.8782061
772	0.8778454
773	0.8774855
774	0.8771262
775	0.8767648
776	0.8763738
777	0.8759825
778	0.875591
779	0.8751993
780	0.8748074
781	0.8744152
782	0.8740228
783	0.8736302
784	0.8732374
785	0.8728443
786	0.872451
787	0.8720575
788	0.8716638
789	0.8712698
790	0.8708757
791	0.8704813
792	0.8700868
793	0.869692
794	0.869297
795	0.8689019
796	0.8685065
797	0.8681109
798	0.8677151
799	0.8673192
800	0.8669571
801	0.8669024
802	0.8668476
803	0.8667927
804	0.8667379
805	0.8666829
806	0.8666279
807	0.8665729
808	0.8665178
809	0.8664627
810	0.8664075
811	0.8663523
812	0.8662971
813	0.8662418
814	0.8661864
815	0.866131
816	0.8660756
817	0.8660201
818	0.8659645
819	0.8659089
820	0.8658533
821	0.8657976
822	0.8657419
823	0.8656861
824	0.8656303
825	0.8655745
826	0.8655186
827	0.8655361
828	0.8656514
829	0.8657671
830	0.8658832
831	0.8659997
832	0.8661166
833	0.8662339
834	0.8663516
835	0.8664698
836	0.8665883
837	0.8667073
838	0.8668267
839	0.8669465
840	0.8670668
841	0.8671874
842	0.8673085
843	0.86743
844	0.8675519
845	0.8676743
846	0.8677971
847	0.8679203
848	0.8680439
849	0.868168
850	0.8682925
851	0.8684174
852	0.8685428
853	0.8686686
854	0.8687948
855	0.8689215
856	0.8693368
857	0.8697749
858	0.8702144
859	0.8706551
860	0.871097
861	0.8715403
862	0.8719847
863	0.8724305
864	0.8728775
865	0.8733258
866	0.8737753
867	0.874226
868	0.8746781
869	0.8751314
870	0.8755859
871	0.8760417
872	0.8764988
873	0.8769571
874	0.8774167
875	0.8778775
876	0.8783395
877	0.8788029
878	0.8792674
879	0.8797333
880	0.8802003
881	0.8806687
882	0.8811382
883	0.881609
884	0.8820811
885	0.8825544
886	0.8831043
887	0.8837723
888	0.8844401
889	0.8851077
890	0.8857752
891	0.8864424
892	0.8871095
893	0.8877764
894	0.888443
895	0.8891094
896	0.8897756
897	0.8904415
898	0.8911072
899	0.8917726
900	0.8924377
901	0.8931026
902	0.8937671
903	0.8944314
904	0.8950953
905	0.895759
906	0.8964223
907	0.8970852
908	0.8977479
909	0.8984101
910	0.899072
911	0.8997336
912	0.9003947
913	0.9010555
914	0.9017159
915	0.9023759
916	0.9030354
917	0.9036946
918	0.9043533
919	0.9050864
920	0.9058691
921	0.906649
922	0.9074261
923	0.9082004
924	0.9089719
925	0.9097406
926	0.9105065
927	0.9112695
928	0.9120298
929	0.9127872
930	0.9135419
931	0.9142937
932	0.9150427
933	0.9157889
934	0.9165323
935	0.917273
936	0.9180108
937	0.9187458
938	0.919478
939	0.9202074
940	0.9209341
941	0.9216579
942	0.9223789
943	0.9230972
944	0.9238127
945	0.9245254
946	0.9252353
947	0.9259425
948	0.9266468
949	0.9273484
950	0.9280473
951	0.9287434
952	0.9294367
953	0.9301273
954	0.9307159
955	0.9310347
956	0.9313521
957	0.9316679
958	0.9319824
959	0.9322953
960	0.9326069
961	0.9329171
962	0.9332258
963	0.9335331
964	0.933839
965	0.9341435
966	0.9344467
967	0.9347485
968	0.9350489
969	0.9353479
970	0.9356456
971	0.9359419
972	0.9362369
973	0.9365305
974	0.9368229
975	0.9371139
976	0.9374036
977	0.937692
978	0.937979
979	0.9382648
980	0.9385493
981	0.9388326
982	0.9391145
983	0.9393952
984	0.9396746
985	0.9399528
986	0.9402297
987	0.9405054
988	0.9407798
989	0.941053
990	0.941325
991	0.9415958
992	0.9418631
993	0.9421121
994	0.9423602
995	0.9426073
996	0.9428534
997	0.9430986
998	0.9433428
999	0.9435861
1000	0.9438284
1001	0.9440698
1002	0.9443102
1003	0.9445498
1004	0.9447884
1005	0.945026
1006	0.9452628
1007	0.9454986
1008	0.9457335
1009	0.9459675
1010	0.9462006
1011	0.9464328
1012	0.9466641
1013	0.9468946
1014	0.9471241
1015	0.9473527
1016	0.9475805
1017	0.9478074
1018	0.9480334
1019	0.9482585
1020	0.9484828
1021	0.9487062
1022	0.9489288
1023	0.9491505
1024	0.9493713
1025	0.9495913
1026	0.9498105
1027	0.9500288
1028	0.9502463
1029	0.950463
1030	0.9506788
1031	0.9508938
1032	0.951108
1033	0.9513213
1034	0.9514967
1035	0.9516615
1036	0.9518256
1037	0.951989
1038	0.9521518
1039	0.952314
1040	0.9524755
1041	0.9526363
1042	0.9527965
1043	0.9529561
1044	0.953115
1045	0.9532734
1046	0.953431
1047	0.9535881
1048	0.9537445
1049	0.9539003
1050	0.9540555
1051	0.9542101
1052	0.9543641
1053	0.9545174
1054	0.9546702
1055	0.9548224
1056	0.9549739
1057	0.9551249
1058	0.9552753
1059	0.955425
1060	0.9555742
1061	0.9557228
1062	0.9558709
1063	0.9560183
1064	0.9561652
1065	0.9563115
1066	0.9564572
1067	0.9566024
1068	0.956747
1069	0.956891
1070	0.9570345
1071	0.9571774
1072	0.9573198
1073	0.9574616
1074	0.9576029
1075	0.9577436
1076	0.9578838
1077	0.9580234
1078	0.9581625
1079	0.9582677
1080	0.9583676
1081	0.9584671
1082	0.9585663
1083	0.9586651
1084	0.9587636
1085	0.9588618
1086	0.9589597
1087	0.9590572
1088	0.9591544
1089	0.9592513
1090	0.9593479
1091	0.9594441
1092	0.95954
1093	0.9596356
1094	0.9597309
1095	0.9598259
1096	0.9599205
1097	0.9600149
1098	0.9601089
1099	0.9602026
1100	0.960296
