"Wavelength (nm)"	Reflectance
200	0.8600068
201	0.8602561
202	0.8605572
203	0.8609258
204	0.8613348
205	0.8617748
206	0.8623763
207	0.8630431
208	0.8638192
209	0.8645015
210	0.8651296
211	0.8656685
212	0.8661874
213	0.8665565
214	0.8668856
215	0.867064
216	0.8672734
217	0.8675296
218	0.8680159
219	0.868746
220	0.8694559
221	0.8701503
222	0.8706165
223	0.8709349
224	0.8712121
225	0.8714642
226	0.871745
227	0.8720494
228	0.8723862
229	0.8727543
230	0.8731976
231	0.8737472
232	0.8742789
233	0.8747594
234	0.8752226
235	0.8754554
236	0.8756937
237	0.8758889
238	0.8760807
239	0.8763592
240	0.8767015
241	0.8770586
242	0.8774561
243	0.8778536
244	0.878208
245	0.8785576
246	0.878926
247	0.8793143
248	0.8797068
249	0.8802475
250	0.8807852
251	0.8812942
252	0.8817773
253	0.8822581
254	0.8825163
255	0.8827684
256	0.883019
257	0.8832663
258	0.8835145
259	0.8839517
260	0.8844669
261	0.8849789
262	0.8854766
263	0.8859711
264	0.8864063
265	0.8866157
266	0.8868267
267	0.8870269
268	0.8872078
269	0.8873905
270	0.8876363
271	0.8879515
272	0.8882664
273	0.888578
274	0.8888865
275	0.8891947
276	0.889522
277	0.8898692
278	0.8902149
279	0.8905577
280	0.890897
281	0.8912349
282	0.8915717
283	0.8919092
284	0.8922454
285	0.8925805
286	0.8928868
287	0.8931917
288	0.8934957
289	0.8937169
290	0.8938963
291	0.8940763
292	0.8942507
293	0.8944094
294	0.8945689
295	0.894729
296	0.8949776
297	0.8952472
298	0.8955158
299	0.8957876
300	0.8960719
301	0.8963548
302	0.8966365
303	0.896887
304	0.8971169
305	0.8973467
306	0.8975762
307	0.8977888
308	0.8979988
309	0.8982088
310	0.8984157
311	0.8985496
312	0.8986845
313	0.8988203
314	0.898957
315	0.8990946
316	0.8992331
317	0.8993723
318	0.899523
319	0.8997803
320	0.9000367
321	0.9002919
322	0.9005461
323	0.9007976
324	0.9010481
325	0.9012974
326	0.9015457
327	0.9017156
328	0.9018556
329	0.9019962
330	0.9021373
331	0.9022693
332	0.9023859
333	0.9025032
334	0.9026211
335	0.9027397
336	0.9028161
337	0.9028887
338	0.9029625
339	0.9030372
340	0.9031139
341	0.9031934
342	0.9032739
343	0.9033554
344	0.9034379
345	0.9035565
346	0.9036992
347	0.9038422
348	0.9039856
349	0.9041292
350	0.9042811
351	0.9044357
352	0.9045904
353	0.9047453
354	0.9049003
355	0.9050656
356	0.9052339
357	0.9054019
358	0.9055697
359	0.9057371
360	0.9058928
361	0.9060414
362	0.9061898
363	0.906338
364	0.9064861
365	0.9066073
366	0.9066771
367	0.9067476
368	0.9068188
369	0.9068907
370	0.9069633
371	0.9070259
372	0.907088
373	0.9071509
374	0.9072146
375	0.9072791
376	0.9073509
377	0.9074398
378	0.9075294
379	0.9076195
380	0.9077102
381	0.9078014
382	0.907891
383	0.9079791
384	0.9080678
385	0.908157
386	0.9082467
387	0.908337
388	0.9084143
389	0.9084812
390	0.9085488
391	0.9086169
392	0.9086857
393	0.9087551
394	0.908821
395	0.9088814
396	0.9089424
397	0.9090041
398	0.9090664
399	0.9091293
400	0.9091933
401	0.9092675
402	0.9093422
403	0.9094173
404	0.9094928
405	0.9095687
406	0.909645
407	0.9097239
408	0.9098054
409	0.9098873
410	0.9099695
411	0.910052
412	0.9101348
413	0.910218
414	0.9103066
415	0.9103976
416	0.9104889
417	0.9105805
418	0.9106723
419	0.9107644
420	0.9108568
421	0.9109444
422	0.9110303
423	0.9111164
424	0.9112029
425	0.9112896
426	0.9113766
427	0.9114639
428	0.9115355
429	0.9115889
430	0.9116429
431	0.9116974
432	0.9117523
433	0.9118078
434	0.9118637
435	0.9119202
436	0.9119519
437	0.9119833
438	0.9120154
439	0.9120481
440	0.9120814
441	0.9121153
442	0.9121498
443	0.9121873
444	0.9122348
445	0.9122829
446	0.9123315
447	0.9123807
448	0.9124305
449	0.9124807
450	0.9125315
451	0.9125797
452	0.912609
453	0.912639
454	0.9126697
455	0.912701
456	0.9127329
457	0.9127654
458	0.9127986
459	0.9128323
460	0.9128837
461	0.9129399
462	0.9129965
463	0.9130536
464	0.9131111
465	0.913169
466	0.9132273
467	0.9132861
468	0.9133419
469	0.9133765
470	0.9134115
471	0.9134472
472	0.9134834
473	0.9135201
474	0.9135574
475	0.9135952
476	0.9136335
477	0.9136705
478	0.9136952
479	0.9137205
480	0.9137464
481	0.913773
482	0.9138002
483	0.913828
484	0.9138564
485	0.9138854
486	0.9139149
487	0.9139238
488	0.9139274
489	0.9139317
490	0.9139368
491	0.9139426
492	0.9139491
493	0.9139563
494	0.9139642
495	0.9139728
496	0.9139816
497	0.9139846
498	0.9139883
499	0.9139928
500	0.9139979
501	0.9140038
502	0.9140103
503	0.9140175
504	0.9140254
505	0.914034
506	0.9140432
507	0.9140507
508	0.9140588
509	0.9140676
510	0.9140771
511	0.9140873
512	0.9140981
513	0.9141097
514	0.9141219
515	0.9141347
516	0.9141482
517	0.9141551
518	0.914152
519	0.9141497
520	0.9141483
521	0.9141476
522	0.9141477
523	0.9141486
524	0.9141503
525	0.9141527
526	0.9141559
527	0.9141597
528	0.9141431
529	0.9140954
530	0.9140486
531	0.9140029
532	0.9139581
533	0.9139142
534	0.9138714
535	0.9138294
536	0.9137884
537	0.9137482
538	0.913709
539	0.9136707
540	0.9136339
541	0.9135982
542	0.9135636
543	0.9135299
544	0.9134972
545	0.9134655
546	0.9134348
547	0.9134051
548	0.9133762
549	0.9133484
550	0.9133214
551	0.9132954
552	0.9132346
553	0.9131731
554	0.9131127
555	0.9130534
556	0.9129953
557	0.9129382
558	0.9128822
559	0.9128273
560	0.9127734
561	0.9127206
562	0.9126689
563	0.9126181
564	0.912562
565	0.9124984
566	0.9124359
567	0.9123744
568	0.9123139
569	0.9122544
570	0.9121959
571	0.9121384
572	0.9120819
573	0.9120264
574	0.9119718
575	0.9119182
576	0.9118655
577	0.9117975
578	0.9116959
579	0.9115956
580	0.9114964
581	0.9113986
582	0.9113019
583	0.9112064
584	0.9111121
585	0.9110189
586	0.9109269
587	0.9108361
588	0.9107464
589	0.9106578
590	0.9105704
591	0.9104965
592	0.9104322
593	0.9103688
594	0.9103064
595	0.910245
596	0.9101844
597	0.9101248
598	0.9100661
599	0.9100083
600	0.9099514
601	0.9098954
602	0.9098402
603	0.9097859
604	0.9097325
605	0.9096751
606	0.9095979
607	0.9095218
608	0.9094467
609	0.9093726
610	0.9092996
611	0.9092276
612	0.9091565
613	0.9090865
614	0.9090174
615	0.9089493
616	0.9088822
617	0.908816
618	0.9087508
619	0.9086865
620	0.9086206
621	0.9085224
622	0.9084252
623	0.9083292
624	0.9082342
625	0.9081404
626	0.9080476
627	0.9079558
628	0.9078651
629	0.9077755
630	0.9076868
631	0.9075992
632	0.9075127
633	0.9074271
634	0.9073425
635	0.907259
636	0.9071708
637	0.9070586
638	0.9069474
639	0.9068373
640	0.9067284
641	0.9066205
642	0.9065137
643	0.906408
644	0.9063034
645	0.9061998
646	0.9060972
647	0.9059957
648	0.9058952
649	0.9057957
650	0.9056973
651	0.9055998
652	0.9055034
653	0.9054089
654	0.9053165
655	0.9052252
656	0.9051349
657	0.9050457
658	0.9049575
659	0.9048703
660	0.9047841
661	0.9046989
662	0.9046147
663	0.9045315
664	0.9044492
665	0.9043679
666	0.9042876
667	0.9042082
668	0.9041298
669	0.9040523
670	0.9039757
671	0.903845
672	0.9037027
673	0.9035618
674	0.9034224
675	0.9032842
676	0.9031475
677	0.9030121
678	0.902878
679	0.9027453
680	0.9026139
681	0.9024838
682	0.902355
683	0.9022275
684	0.9021012
685	0.9019763
686	0.9018526
687	0.9017301
688	0.9016089
689	0.9014713
690	0.9012602
691	0.9010507
692	0.9008428
693	0.9006365
694	0.9004318
695	0.9002286
696	0.9000271
697	0.899827
698	0.8996285
699	0.8994316
700	0.8992361
701	0.8990422
702	0.8988498
703	0.8986589
704	0.8984694
705	0.8982814
706	0.8980949
707	0.8979098
708	0.8977262
709	0.8974824
710	0.8971814
711	0.8968827
712	0.8965862
713	0.8962918
714	0.8959997
715	0.8957096
716	0.8954218
717	0.8951361
718	0.8948525
719	0.894571
720	0.8942916
721	0.8940143
722	0.8937391
723	0.8934659
724	0.8931948
725	0.8929257
726	0.8926586
727	0.8923935
728	0.8921304
729	0.8918693
730	0.8914787
731	0.8910279
732	0.8905789
733	0.8901317
734	0.8896862
735	0.8892425
736	0.8888005
737	0.8883603
738	0.8879219
739	0.8874852
740	0.8870503
741	0.886617
742	0.8861856
743	0.8857558
744	0.8853278
745	0.8849016
746	0.884477
747	0.8840542
748	0.8836331
749	0.8832137
750	0.882796
751	0.88238
752	0.8819866
753	0.8816097
754	0.8812336
755	0.8808582
756	0.8804835
757	0.8801096
758	0.8797365
759	0.8793641
760	0.8789924
761	0.8786214
762	0.8782513
763	0.8778818
764	0.8775131
765	0.8771452
766	0.876778
767	0.8764115
768	0.8760458
769	0.8756809
770	0.8753167
771	0.8749532
772	0.8745905
773	0.8742285
774	0.8738673
775	0.8735038
776	0.8731087
777	0.8727134
778	0.8723179
779	0.8719222
780	0.8715263
781	0.8711301
782	0.8707338
783	0.8703372
784	0.8699404
785	0.8695435
786	0.8691463
787	0.8687489
788	0.8683513
789	0.8679536
790	0.8675556
791	0.8671574
792	0.8667591
793	0.8663605
794	0.8659618
795	0.8655629
796	0.8651638
797	0.8647645
798	0.8643651
799	0.8639654
800	0.8636004
801	0.8635487
802	0.863497
803	0.8634452
804	0.8633933
805	0.8633414
806	0.8632894
807	0.8632374
808	0.8631853
809	0.8631331
810	0.8630809
811	0.8630286
812	0.8629763
813	0.8629239
814	0.8628714
815	0.8628189
816	0.8627663
817	0.8627137
818	0.862661
819	0.8626082
820	0.8625554
821	0.8625025
822	0.8624496
823	0.8623966
824	0.8623435
825	0.8622904
826	0.8622372
827	0.8622591
828	0.8623808
829	0.8625028
830	0.8626253
831	0.8627481
832	0.8628714
833	0.8629951
834	0.8631191
835	0.8632436
836	0.8633685
837	0.8634937
838	0.8636194
839	0.8637455
840	0.863872
841	0.863999
842	0.8641263
843	0.864254
844	0.8643822
845	0.8645108
846	0.8646398
847	0.8647692
848	0.8648991
849	0.8650293
850	0.86516
851	0.8652911
852	0.8654227
853	0.8655546
854	0.865687
855	0.8658198
856	0.8662475
857	0.8666985
858	0.8671508
859	0.8676043
860	0.8680591
861	0.8685152
862	0.8689726
863	0.8694312
864	0.8698911
865	0.8703522
866	0.8708147
867	0.8712783
868	0.8717433
869	0.8722095
870	0.872677
871	0.8731457
872	0.8736157
873	0.874087
874	0.8745595
875	0.8750333
876	0.8755083
877	0.8759847
878	0.8764622
879	0.876941
880	0.8774211
881	0.8779024
882	0.878385
883	0.8788689
884	0.879354
885	0.8798403
886	0.8804054
887	0.8810918
888	0.881778
889	0.8824641
890	0.8831499
891	0.8838354
892	0.8845208
893	0.8852059
894	0.8858907
895	0.8865753
896	0.8872596
897	0.8879436
898	0.8886273
899	0.8893107
900	0.8899938
901	0.8906765
902	0.891359
903	0.8920411
904	0.8927228
905	0.8934042
906	0.8940852
907	0.8947659
908	0.8954461
909	0.896126
910	0.8968054
911	0.8974845
912	0.8981631
913	0.8988413
914	0.8995191
915	0.9001964
916	0.9008733
917	0.9015496
918	0.9022256
919	0.9029781
920	0.9037817
921	0.9045824
922	0.9053802
923	0.906175
924	0.9069669
925	0.9077559
926	0.908542
927	0.9093251
928	0.9101053
929	0.9108826
930	0.9116569
931	0.9124284
932	0.9131969
933	0.9139624
934	0.9147251
935	0.9154848
936	0.9162417
937	0.9169956
938	0.9177466
939	0.9184947
940	0.9192398
941	0.9199821
942	0.9207215
943	0.921458
944	0.9221916
945	0.9229222
946	0.92365
947	0.9243749
948	0.925097
949	0.9258161
950	0.9265324
951	0.9272458
952	0.9279563
953	0.928664
954	0.9292678
955	0.9295967
956	0.929924
957	0.9302498
958	0.9305741
959	0.9308969
960	0.9312182
961	0.931538
962	0.9318564
963	0.9321732
964	0.9324886
965	0.9328025
966	0.933115
967	0.933426
968	0.9337356
969	0.9340438
970	0.9343505
971	0.9346558
972	0.9349598
973	0.9352623
974	0.9355634
975	0.9358632
976	0.9361616
977	0.9364586
978	0.9367542
979	0.9370485
980	0.9373414
981	0.937633
982	0.9379233
983	0.9382123
984	0.9384999
985	0.9387862
986	0.9390712
987	0.9393549
988	0.9396373
989	0.9399185
990	0.9401983
991	0.9404769
992	0.9407518
993	0.9410081
994	0.9412633
995	0.9415175
996	0.9417707
997	0.9420229
998	0.9422741
999	0.9425243
1000	0.9427735
1001	0.9430218
1002	0.943269
1003	0.9435153
1004	0.9437606
1005	0.9440049
1006	0.9442483
1007	0.9444907
1008	0.9447321
1009	0.9449726
1010	0.9452122
1011	0.9454508
1012	0.9456885
1013	0.9459252
1014	0.9461611
1015	0.946396
1016	0.9466299
1017	0.946863
1018	0.9470951
1019	0.9473264
1020	0.9475567
1021	0.9477861
1022	0.9480147
1023	0.9482423
1024	0.9484691
1025	0.9486949
1026	0.9489199
1027	0.949144
1028	0.9493673
1029	0.9495896
1030	0.9498112
1031	0.9500318
1032	0.9502516
1033	0.9504705
1034	0.9506507
1035	0.9508201
1036	0.9509887
1037	0.9511567
1038	0.951324
1039	0.9514907
1040	0.9516566
1041	0.9518219
1042	0.9519865
1043	0.9521505
1044	0.9523138
1045	0.9524764
1046	0.9526384
1047	0.9527997
1048	0.9529604
1049	0.9531204
1050	0.9532798
1051	0.9534386
1052	0.9535967
1053	0.9537542
1054	0.953911
1055	0.9540673
1056	0.9542229
1057	0.9543779
1058	0.9545322
1059	0.954686
1060	0.9548391
1061	0.9549917
1062	0.9551436
1063	0.9552949
1064	0.9554456
1065	0.9555958
1066	0.9557453
1067	0.9558943
1068	0.9560426
1069	0.9561904
1070	0.9563376
1071	0.9564842
1072	0.9566302
1073	0.9567757
1074	0.9569206
1075	0.9570649
1076	0.9572087
1077	0.9573519
1078	0.9574945
1079	0.9576027
1080	0.9577054
1081	0.9578078
1082	0.9579098
1083	0.9580115
1084	0.9581129
1085	0.9582138
1086	0.9583145
1087	0.9584148
1088	0.9585147
1089	0.9586144
1090	0.9587137
1091	0.9588126
1092	0.9589112
1093	0.9590095
1094	0.9591075
1095	0.9592051
1096	0.9593024
1097	0.9593993
1098	0.959496
1099	0.9595923
1100	0.9596883
